#BVGraph properties
#Thu Feb 18 11:28:46 CET 2016
compratio=0.284
bitsforblocks=0
residualarcs=714565
version=0
zetak=3
residualexpstats=162652,73169,52176,52988,49704,49356,41160,37483,39140,31530,24648,20660,22751,17956,16900,12836,4653,3232
avgref=0
residualavggap=3724.938
avgbitsforoutdegrees=8.482
windowsize=0
bitsforintervals=4191361
copiedarcs=0
avgbitsforblocks=0
bitsperlink=3.732
bitsforresiduals=6346389
bitsforreferences=0
avgdist=0
successoravgloggap=2.375632442516764
avgbitsforreferences=0
successoravggap=1009.357
maxrefcount=0
successorexpstats=2330932,126969,70110,60570,57814,53375,45013,41464,44073,34989,28406,35029,40131,33459,23336,16005,6547,1025
nodes=100000
compressionflags=
intervalisedarcs=2336050
bitspernode=113.859
arcs=3050615
bitsforoutdegrees=848162
avgbitsforintervals=41.914
minintervallength=4
graphclass=it.unimi.dsi.big.webgraph.BVGraph
avgbitsforresiduals=63.464
residualavgloggap=5.525730919282782
