#BVGraph properties
#Thu Feb 18 11:30:26 CET 2016
compratio=0.906
bitsforblocks=0
residualarcs=69698
version=0
zetak=3
residualexpstats=6590,6479,5137,4779,4138,3653,3602,4341,6333,7696,7576,4946,2050,1845,533
avgref=0
residualavggap=1220.629
avgbitsforoutdegrees=4.227
windowsize=0
bitsforintervals=10486
copiedarcs=0
avgbitsforblocks=0
bitsperlink=10.912
bitsforresiduals=732202
bitsforreferences=0
avgdist=0
successoravgloggap=6.56046819690199
avgbitsforreferences=0
successoravggap=1178.816
maxrefcount=0
successorexpstats=8520,6838,5282,4754,4130,3669,3620,4359,6347,7702,7581,4944,2049,1844,533
nodes=10617
compressionflags=
intervalisedarcs=2474
bitspernode=74.18
arcs=72172
bitsforoutdegrees=44875
avgbitsforintervals=0.988
minintervallength=4
graphclass=it.unimi.dsi.big.webgraph.BVGraph
avgbitsforresiduals=68.965
residualavgloggap=6.74500764854488
